1            -401
2            -401
3            -401
4            -401
5            -401
6            -401
7            -401
8            -401
9            -401
10            -401
11            -401
12            -401
13            -401
14            -401
15            -401
16            -401
17            -401
18            -401
19            -401
20            -401
21            -401
22            -401
23            -401
24            -401
25            -401
26            -401
27            -401
28            -401
29            -401
30            -401
31            -401
32            -401
33            -401
34            -401
35            -401
36            -401
37            -401
38            -401
39            -401
40            -401
41            -401
42            -401
43            -401
44            -401
45            -401
46            -401
47            -401
48            -401
49            -401
